0
2
4
5
7
8
9
10
11
12
14
15
16
18
20
21
22
23
24
26
27
28
29
30
35
36
37
38
39
40
43
44
45
48
49
50
51
52
55
56
57
58
59
60
62
63
64
66
69
71
72
73
74
75
76
78
79
80
82
85
87
88
89
91
92
93
94
97
99
100
105
107
108
110
111
112
113
116
122
124
127
128
129
130
132
133
135
136
139
140
141
145
149
150
151
152
153
154
155
158
159
161
164
165
167
168
169
170
171
172
173
174
175
176
177
178
179
180
181
183
184
186
189
190
192
193
194
196
197
201
203
205
206
207
208
209
213
215
216
218
219
222
225
228
229
231
233
235
236
237
238
241
242
243
244
247
248
249
250
251
252
257
260
265
266
269
270
273
277
278
279
280
281
283
284
285
286
287
289
291
294
295
298
300
304
306
308
309
310
311
312
315
316
319
320
321
323
324
325
326
327
332
333
334
336
340
341
342
343
344
345
346
347
351
352
353
355
358
359
361
362
364
365
366
369
370
371
372
373
374
376
378
380
381
382
383
384
391
392
396
397
398
399
400
402
405
406
407
410
415
417
418
420
422
423
424
427
428
433
435
436
437
438
441
443
444
445
446
447
449
451
452
453
454
455
456
457
458
459
460
463
464
466
467
470
473
477
478
480
481
484
486
488
489
490
491
492
495
498
499
